/h/arvie/PycharmProjects/Virtualenv/Next-Token-Failures/bin/python /h/arvie/CLionProjects/GraphGen/plotting.py
0 10 11 20 23
3 20
in convert_distance_matrix 25
arr shape: 25 25
starting convert_distance_matrix
out convert_distance_matrix
in convert_distance_matrix 25
arr shape: 25 25
starting convert_distance_matrix
out convert_distance_matrix
5 2
edge_list: <class 'numpy.ndarray'>
	 edge_list: (27, 2), int32
[[10  0]
 [10  6]
 [11  5]
 [14  4]
 [14 10]
 [15  0]
 [16  3]
 [17  7]
 [19 18]
 [22 12]
 [15 16]
 [ 1 13]
 [ 2  5]
 [ 3 13]
 [11  8]
 [17 22]
 [ 8  9]
 [ 9 20]
 [22 21]
 [13 23]
 [19 21]
 [20 21]
 [21 24]
 [ 6 13]
 [22  9]
 [ 3 20]
 [19 17]]
original_distances: <class 'numpy.ndarray'>
	 original_distances: (25, 25), int32
[[ 0  4  9  3  3  8  2  8  6  5  1  7  7  3  2  1  2  7  7  6  4  5  6  4
   6]
 [ 4  0  8  2  5  7  2  7  5  4  3  6  6  1  4  4  3  6  6  5  3  4  5  2
   5]
 [ 9  8  0  6 11  1  8  7  3  4  9  2  6  7 10  8  7  6  8  7  5  6  5  8
   7]
 [ 3  2  6  0  5  5  2  5  3  2  3  4  4  1  4  2  1  4  4  3  1  2  3  2
   3]
 [ 3  5 11  5  0 10  3 10  8  7  2  9  9  4  1  4  5  9  9  8  6  7  8  5
   8]
 [ 8  7  1  5 10  0  7  6  2  3  8  1  5  6  9  7  6  5  7  6  4  5  4  7
   6]
 [ 2  2  8  2  3  7  0  7  5  4  1  6  6  1  2  3  3  6  6  5  3  4  5  2
   5]
 [ 8  7  7  5 10  6  7  0  4  3  8  5  3  6  9  7  6  1  3  2  4  3  2  7
   4]
 [ 6  5  3  3  8  2  5  4  0  1  6  1  3  4  7  5  4  3  5  4  2  3  2  5
   4]
 [ 5  4  4  2  7  3  4  3  1  0  5  2  2  3  6  4  3  2  4  3  1  2  1  4
   3]
 [ 1  3  9  3  2  8  1  8  6  5  0  7  7  2  1  2  3  7  7  6  4  5  6  3
   6]
 [ 7  6  2  4  9  1  6  5  1  2  7  0  4  5  8  6  5  4  6  5  3  4  3  6
   5]
 [ 7  6  6  4  9  5  6  3  3  2  7  4  0  5  8  6  5  2  4  3  3  2  1  6
   3]
 [ 3  1  7  1  4  6  1  6  4  3  2  5  5  0  3  3  2  5  5  4  2  3  4  1
   4]
 [ 2  4 10  4  1  9  2  9  7  6  1  8  8  3  0  3  4  8  8  7  5  6  7  4
   7]
 [ 1  4  8  2  4  7  3  7  5  4  2  6  6  3  3  0  1  6  6  5  3  4  5  4
   5]
 [ 2  3  7  1  5  6  3  6  4  3  3  5  5  2  4  1  0  5  5  4  2  3  4  3
   4]
 [ 7  6  6  4  9  5  6  1  3  2  7  4  2  5  8  6  5  0  2  1  3  2  1  6
   3]
 [ 7  6  8  4  9  7  6  3  5  4  7  6  4  5  8  6  5  2  0  1  3  2  3  6
   3]
 [ 6  5  7  3  8  6  5  2  4  3  6  5  3  4  7  5  4  1  1  0  2  1  2  5
   2]
 [ 4  3  5  1  6  4  3  4  2  1  4  3  3  2  5  3  2  3  3  2  0  1  2  3
   2]
 [ 5  4  6  2  7  5  4  3  3  2  5  4  2  3  6  4  3  2  2  1  1  0  1  4
   1]
 [ 6  5  5  3  8  4  5  2  2  1  6  3  1  4  7  5  4  1  3  2  2  1  0  5
   2]
 [ 4  2  8  2  5  7  2  7  5  4  3  6  6  1  4  4  3  6  6  5  3  4  5  0
   5]
 [ 6  5  7  3  8  6  5  4  4  3  6  5  3  4  7  5  4  3  3  2  2  1  2  5
   0]]
distances: <class 'numpy.ndarray'>
	 distances: (25, 25), int32
[[ 0  4  9  3  3  8  2  8  6  5  1  7  7  3  2  1  2  7  7  6  4  5  6  4
   6]
 [ 4  0  8  2  5  7  2  7  5  4  3  6  6  1  4  4  3  6  6  5  3  4  5  2
   5]
 [ 9  8  0  6 11  1  8  7  3  4  9  2  6  7 10  8  7  6  8  7  5  6  5  8
   7]
 [ 3  2  6  0  5  5  2  5  3  2  3  4  4  1  4  2  1  4  4  3  1  2  3  2
   3]
 [ 3  5 11  5  0 10  3 10  8  7  2  9  9  4  1  4  5  9  9  8  6  7  8  5
   8]
 [ 8  7  1  5 10  0  7  6  2  3  8  1  5  6  9  7  6  5  7  6  4  5  4  7
   6]
 [ 2  2  8  2  3  7  0  7  5  4  1  6  6  1  2  3  3  6  6  5  3  4  5  2
   5]
 [ 8  7  7  5 10  6  7  0  4  3  8  5  3  6  9  7  6  1  3  2  4  3  2  7
   4]
 [ 6  5  3  3  8  2  5  4  0  1  6  1  3  4  7  5  4  3  5  4  2  3  2  5
   4]
 [ 5  4  4  2  7  3  4  3  1  0  5  2  2  3  6  4  3  2  4  3  1  2  1  4
   3]
 [ 1  3  9  3  2  8  1  8  6  5  0  7  7  2  1  2  3  7  7  6  4  5  6  3
   6]
 [ 7  6  2  4  9  1  6  5  1  2  7  0  4  5  8  6  5  4  6  5  3  4  3  6
   5]
 [ 7  6  6  4  9  5  6  3  3  2  7  4  0  5  8  6  5  2  4  3  3  2  1  6
   3]
 [ 3  1  7  1  4  6  1  6  4  3  2  5  5  0  3  3  2  5  5  4  2  3  4  1
   4]
 [ 2  4 10  4  1  9  2  9  7  6  1  8  8  3  0  3  4  8  8  7  5  6  7  4
   7]
 [ 1  4  8  2  4  7  3  7  5  4  2  6  6  3  3  0  1  6  6  5  3  4  5  4
   5]
 [ 2  3  7  1  5  6  3  6  4  3  3  5  5  2  4  1  0  5  5  4  2  3  4  3
   4]
 [ 7  6  6  4  9  5  6  1  3  2  7  4  2  5  8  6  5  0  2  1  3  2  1  6
   3]
 [ 7  6  8  4  9  7  6  3  5  4  7  6  4  5  8  6  5  2  0  1  3  2  3  6
   3]
 [ 6  5  7  3  8  6  5  2  4  3  6  5  3  4  7  5  4  1  1  0  2  1  2  5
   2]
 [ 4  3  5  1  6  4  3  4  2  1  4  3  3  2  5  3  2  3  3  2  0  1  2  3
   2]
 [ 5  4  6  2  7  5  4  3  3  2  5  4  2  3  6  4  3  2  2  1  1  0  1  4
   1]
 [ 6  5  5  3  8  4  5  2  2  1  6  3  1  4  7  5  4  1  3  2  2  1  0  5
   2]
 [ 4  2  8  2  5  7  2  7  5  4  3  6  6  1  4  4  3  6  6  5  3  4  5  0
   5]
 [ 6  5  7  3  8  6  5  4  4  3  6  5  3  4  7  5  4  3  3  2  2  1  2  5
   0]]
ground_truths: <class 'numpy.ndarray'>
	 ground_truths: (27, 25), int32
[[ 1  3  9  3  2  8  1  8  6  5  0  7  7  2  1  2  3  7  7  6  4  5  6  3
   6]
 [ 1  3  9  3  2  8  1  8  6  5  0  7  7  2  1  2  3  7  7  6  4  5  6  3
   6]
 [ 7  6  2  4  9  1  6  5  1  2  7  0  4  5  8  6  5  4  6  5  3  4  3  6
   5]
 [ 2  4 10  4  1  9  2  9  7  6  1  8  8  3  0  3  4  8  8  7  5  6  7  4
   7]
 [ 2  4 10  4  1  9  2  9  7  6  1  8  8  3  0  3  4  8  8  7  5  6  7  4
   7]
 [ 1  4  8  2  4  7  3  7  5  4  2  6  6  3  3  0  1  6  6  5  3  4  5  4
   5]
 [ 2  3  7  1  5  6  3  6  4  3  3  5  5  2  4  1  0  5  5  4  2  3  4  3
   4]
 [ 7  6  6  4  9  5  6  1  3  2  7  4  2  5  8  6  5  0  2  1  3  2  1  6
   3]
 [ 6  5  7  3  8  6  5  2  4  3  6  5  3  4  7  5  4  1  1  0  2  1  2  5
   2]
 [ 6  5  5  3  8  4  5  2  2  1  6  3  1  4  7  5  4  1  3  2  2  1  0  5
   2]
 [ 1  4  8  2  4  7  3  7  5  4  2  6  6  3  3  0  1  6  6  5  3  4  5  4
   5]
 [ 4  0  8  2  5  7  2  7  5  4  3  6  6  1  4  4  3  6  6  5  3  4  5  2
   5]
 [ 9  8  0  6 11  1  8  7  3  4  9  2  6  7 10  8  7  6  8  7  5  6  5  8
   7]
 [ 3  2  6  0  5  5  2  5  3  2  3  4  4  1  4  2  1  4  4  3  1  2  3  2
   3]
 [ 7  6  2  4  9  1  6  5  1  2  7  0  4  5  8  6  5  4  6  5  3  4  3  6
   5]
 [ 7  6  6  4  9  5  6  1  3  2  7  4  2  5  8  6  5  0  2  1  3  2  1  6
   3]
 [ 6  5  3  3  8  2  5  4  0  1  6  1  3  4  7  5  4  3  5  4  2  3  2  5
   4]
 [ 5  4  4  2  7  3  4  3  1  0  5  2  2  3  6  4  3  2  4  3  1  2  1  4
   3]
 [ 6  5  5  3  8  4  5  2  2  1  6  3  1  4  7  5  4  1  3  2  2  1  0  5
   2]
 [ 3  1  7  1  4  6  1  6  4  3  2  5  5  0  3  3  2  5  5  4  2  3  4  1
   4]
 [ 6  5  7  3  8  6  5  2  4  3  6  5  3  4  7  5  4  1  1  0  2  1  2  5
   2]
 [ 4  3  5  1  6  4  3  4  2  1  4  3  3  2  5  3  2  3  3  2  0  1  2  3
   2]
 [ 5  4  6  2  7  5  4  3  3  2  5  4  2  3  6  4  3  2  2  1  1  0  1  4
   1]
 [ 2  2  8  2  3  7  0  7  5  4  1  6  6  1  2  3  3  6  6  5  3  4  5  2
   5]
 [ 6  5  5  3  8  4  5  2  2  1  6  3  1  4  7  5  4  1  3  2  2  1  0  5
   2]
 [ 3  2  6  0  5  5  2  5  3  2  3  4  4  1  4  2  1  4  4  3  1  2  3  2
   3]
 [ 6  5  7  3  8  6  5  2  4  3  6  5  3  4  7  5  4  1  1  0  2  1  2  5
   2]]
path: <class 'numpy.ndarray'>
	 path: (8,), int32
[10  6 13  3 20 21 19 18]
center_query: <class 'numpy.ndarray'>
	 center_query: (5,), int32
[ 0 10 11 20 23]
center_center: <class 'numpy.ndarray'>
	 center_center: (2,), int32
[ 3 20]
is_center: <class 'bool'>

node_map: <class 'numpy.ndarray'>
	 node_map: (25,), int32
[ 0  1  2  3  4  5  6  7  8  9 10 11 12 13 14 15 16 17 18 19 20 21 22 23
 24]

Process finished with exit code 0